M0_simps_area: 3438254710.8369365 ± 2.804566531639265e+16
T1_simps_area: 0.0004946263985536798 ± 0.00020040283490398923
T2_simps_area: 4.848011749380796e-05 ± 1.9614511482538942e-05
D_simps_area: 12.979705489998619 ± 106204644.62067372
C_simps_area: 5.1491745318078905 ± 42135028.85234811
