M0_simps_area: 1604701008.464661 ± 2.355204036413354e+16
T1_simps_area: 0.00010217635214086735 ± 2.1174008518649647e-05
B_simps_area: 31.574675822333777 ± 463975120.531155
C_simps_area: 2999344350.029867 ± 1426611309.6305165
