M0_simps_area: 189515191.8317842 ± 409283045518668.4
T1_simps_area: -175.32759675690417 ± 15579310.29770319
T2_simps_area: 3.925239082307932e-05 ± 2.1049620074138538e-05
T3_simps_area: 0.0003076405243161736 ± 0.0001873279221051407
C_simps_area: 7.488574296245512 ± 16156295.128442127
D_simps_area: 219.25391243141758 ± 473031532.6758307
E_simps_area: 114.67050836469329 ± 247397049.75145298
