M0_intensities: 0.8295563618067949 ± 60049561288401.65
T1_intensities: 0.004644172807209871 ± 0.00020369617126654092
A_intensities: 176827806117.40628 ± 1.2800133504869488e+25
B_intensities: 32856412289.666718 ± 933502453.4584883
