M0_simps_area: 9752113.380311077 ± 3331619624905.6206
T1_simps_area: 2662.669380158095 ± 420.3354247017269
T2_simps_area: 31749.859170008207 ± 2959.941856228142
T3_simps_area: 32.54706003128864 ± 5.294751124532547
C_simps_area: 0.2860903140053647 ± 97903.89402454725
D_simps_area: 0.42441289393296355 ± 145242.16674204214
E_simps_area: 0.2728095029620312 ± 93359.86653125039
