M0_simps_area: 9937082.9955292 ± 15645264532305.969
T1_simps_area: 2632.5748197429702 ± 1087.936001447381
T2_simps_area: 32453.489646421738 ± 7605.502233342903
T3_simps_area: 22.480659331279714 ± 13.62569637284241
C_simps_area: 0.5768725712907005 ± 908246.7635352787
D_simps_area: 0.9177653023241111 ± 1444959.3893232432
E_simps_area: 0.4920216632499338 ± 774654.8564071889
