M0_simps_area: 9696043.108843263 ± 11069905220459.34
T1_simps_area: 2632.574307826575 ± 1061.1625378446793
T2_simps_area: 32453.487188215673 ± 7365.197180027149
T3_simps_area: 22.480654605773015 ± 13.143182370529482
C_simps_area: 0.591214385161623 ± 675375.4260679492
D_simps_area: 0.9405822799092332 ± 1074465.1370789001
E_simps_area: 0.5042540265454778 ± 576029.2275655189
